# Initialising LennardJones Potential!
#   6.0735303008331734     
  0.13400000000000001        39.786754846169408     
  0.16800000000000001        38.084561453545959     
  0.20200000000000001        27.980178709287518     
  0.23600000000000002        30.385046315614762     
  0.27000000000000002        30.512525038630383     
  0.30400000000000005        17.761689944012499     
  0.33800000000000008        23.098766613160926     
  0.37200000000000011        22.707762540192622     
  0.40600000000000014        20.523387175604320     
  0.44000000000000017        17.936781723078937     
  0.47400000000000020        15.270721546356983     
  0.50800000000000023        12.904845570731517     
  0.54200000000000026        11.091454022005543     
  0.57600000000000029        9.8175300156710996     
  0.61000000000000032        9.0878957142123706     
  0.64400000000000035        8.6109210068508357     
  0.67800000000000038        8.3703848490058803     
  0.71200000000000041        8.2665480549635877     
  0.74600000000000044        8.2104734005969391     
  0.78000000000000047        8.1367984005538343     
  0.81400000000000050        7.9854516786164247     
  0.84800000000000053        7.8186024700465646     
  0.88200000000000056        7.5884319010806074     
  0.91600000000000059        7.3183844452197819     
  0.95000000000000062        7.0491999913493339     
  0.98400000000000065        6.7781559404335177     
   1.0180000000000007        6.5341041059142180     
   1.0520000000000007        6.3305639135010914     
   1.0860000000000007        6.1564986402012307     
   1.1200000000000008        6.0333938770597548     
   1.1540000000000008        5.9251375973159153     
   1.1880000000000008        5.8423324941835757     
   1.2220000000000009        5.7575890872593982     
   1.2560000000000009        5.6551468214017016     
   1.2900000000000009        5.5440459718029977     
   1.3240000000000010        5.4104711180875098     
   1.3580000000000010        5.2112234272467877     
   1.3920000000000010        5.0168160987181150     
   1.4260000000000010        4.7973003437744071     
   1.4600000000000011        4.5162499063497465     
   1.4940000000000011        4.2684818072296808     
   1.5280000000000011        4.0202738662635431     
   1.5620000000000012        3.7557899131309780     
   1.5960000000000012        3.5435053490407666     
   1.6300000000000012        3.3593318218100250     
   1.6640000000000013        3.2053866300955765     
   1.6980000000000013        3.1000658200120719     
   1.7320000000000013        3.0339216023674456     
   1.7660000000000013        3.0058673097519377     
   1.8000000000000014        3.0245827204460780     
   1.8340000000000014        3.0612574694686114     
   1.8680000000000014        3.1192819241229257     
   1.9020000000000015        3.1909556053138410     
   1.9360000000000015        3.2681689848386410     
   1.9700000000000015        3.3513046640636825     
   2.0040000000000013        3.4140656311621038     
   2.0380000000000011        3.4608076716893130     
   2.0720000000000010        3.4867074994471827     
   2.1060000000000008        3.4884455472371316     
   2.1400000000000006        3.4646114068571237     
   2.1740000000000004        3.4138893467937295     
   2.2080000000000002        3.3389559280126315     
   2.2420000000000000        3.2424030723982815     
   2.2759999999999998        3.1278613470907315     
   2.3099999999999996        2.9997309554974394     
   2.3439999999999994        2.8638797976628627     
   2.3779999999999992        2.7240686210026004     
   2.4119999999999990        2.5855058503314163     
   2.4459999999999988        2.4527761578315692     
   2.4799999999999986        2.3299505421938616     
   2.5139999999999985        2.2204280009839588     
   2.5479999999999983        2.1268251724181209     
   2.5819999999999981        2.0522243967931675     
   2.6159999999999979        1.9943133639016730     
   2.6499999999999977        1.9549568001664825     
   2.6839999999999975        1.9335261375762112     
   2.7179999999999973        1.9287242639203011     
   2.7519999999999971        1.9386962395411960     
   2.7859999999999969        1.9611542310463836     
   2.8199999999999967        1.9935092379355175     
   2.8539999999999965        2.0294987627799315     
   2.8879999999999963        2.0731400901971559     
   2.9219999999999962        2.1185528646165839     
   2.9559999999999960        2.1631692680517340     
   2.9899999999999958        2.2046618514297993     
   3.0239999999999956        2.2410079999656576     
   3.0579999999999954        2.2705353978117686     
   3.0919999999999952        2.2919488310100502     
   3.1259999999999950        2.3043394605870611     
   3.1599999999999948        2.3071783304365772     
   3.1939999999999946        2.2998689168525290     
   3.2279999999999944        2.2836705190043283     
   3.2619999999999942        2.2582413802697721     
   3.2959999999999940        2.2242609823442354     
   3.3299999999999939        2.1826136592986174     
   3.3639999999999937        2.1343398318271944     
   3.3979999999999935        2.0805879360702892     
   3.4319999999999933        2.0225687649066284     
   3.4659999999999931        1.9615135909602666     
   3.4999999999999929        1.8986370823929022     
   3.5339999999999927        1.8351056727824844     
